00000000000000000000000000000000000000000000000000000000000000000000000000000000000000000000000000000000000000000000000000000000000000000000000000000000000000000000000000000000000000000000000000000000000000000000000000000000000000000000000000000000000000000000
00000000000000000000000000000000000000000000000000000000000000000000000000000000000000000000000000000000000000000000000000000000000000000000000000000000000000000000000000000000000000000000000000000000000000000000000000000000000000000000000000000000000000000000
00000000000000000000000000000000000000000000000000000000000000000000000000000000000000000000000000000000000000000000000000000000000000000000000000000000000000000000000000000000000000000000000000000000000000000000000000000000000000000000000000000000000000000000
00000000000000000000000000000000000000000000000000000000000000000000000000000000000000000000000000000000000000000000000000000000000000000000000000000000000000000000000000000000000000000000000000000000000000000000000000000000000000000000000000000000000000000000
00000000000000000000000000000000000000000000000000000000000000000000000000000000000000000000000000000000000000000000000000000000000000000000000000000000000000000000000000000000000000000000000000000000000000000000000000000000000000000000000000000000000000000000
00000000000000000000000000000000000000000000000000000000000000000000000000000000000000000000000000000000000000000000000000000000000000000000000000000000000000000000000000000000000000000000000000000000000000000000000000000000000000000000000000000000000000000000
00000000000000000000000000000000000000000000000000000000000000000000000000000000000000000000000000000000000000000000000000000000000000000000000000000000000000000000000000000000000000000000000000000000000000000000000000000000000000000000000000000000000000000000
00000000000000000000000000000000000000000000000000000000000000000000000000000000000000000000000000000000000000000000000000000000000000000000000000000000000000000000000000000000000000000000000000000000000000000000000000000000000000000000000000000000000000000000
00000000000000000000000000000000000000000000000000000000000000000000000000000000000000000000000000000000000000000000000000000000000000000000000000000000000000000000000000000000000000000000000000000000000000000000000000000000000000000000000000000000000000000000
00000000000000000000000000000000000000000000000000000000000000000000000000000000000000000000000000000000000000000000000000000000000000000000000000000000000000000000000000000000000000000000000000000000000000000000000000000000000000000000000000000000000000000000
00000000000000000000000000000000000000000000000000000000000000000000000000000000000000000000000000000000000000000000000000000000000000000000000000000000000000000000000000000000000000000000000000000000000000000000000000000000000000000000000000000000000000000000
00000000000000000000000000000000000000000000000000000000000000000000000000000000000000000000000000000000000000000000000000000000000000000000000000000000000000000000000000000000000000000000000000000000000000000000000000000000000000000000000000000000000000000000
00000000000000000000000000000000000000000000000000000000000000000000000000000000000000000000000000000000000000000000000000000000000000000000000000000000000000000000000000000000000000000000000000000000000000000000000000000000000000000000000000000000000000000000
00000000000000000000000000000000000000000000000000000000000000000000000000000000000000000000000000000000000000000000000000000000000000000000000000000000000000000000000000000000000000000000000000000000000000000000000000000000000000000000000000000000000000000000
00000000000000000000000000000000000000000000000000000000000000000000000000000000000000000000000000000000000000000000000000000000000000000000000000000000000000000000000000000000000000000000000000000000000000000000000000000000000000000000000000000000000000000000
00000000000000000000000000000000000000000000000000000000000000000000000000000000000000000000000000000000000000000000000000000000000000000000000000000000000000000000000000000000000000000000000000000000000000000000000000000000000000000000000000000000000000000000
00000000000000000000000000000000000000000000000000000000000000000000000000000000000000000000000000000000000000000000000000000000000000000000000000000000000000000000000000000000000000000000000000000000000000000000000000000000000000000000000000000000000000000000
00000000000000000000000000000000000000000000000000000000000000000000000000000000000000000000000000000000000000000000000000000000000000000000000000000000000000000000000000000000000000000000000000000000000000000000000000000000000000000000000000000000000000000000
00000000000000000000000000000000000000000000000000000000000000000000000000000000000000000000000000000000000000000000000000000000000000000000000000000000000000000000000000000000000000000000000000000000000000000000000000000000000000000000000000000000000000000000
00000000000000000000000000000000000000000000000000000000000000000000000000000000000000000000000000000000000000000000000000000000000000000000000000000000000000000000000000000000000000000000000000000000000000000000000000000000000000000000000000000000000000000000
00000000000000000000000000000000000000000000000000000000000000000000000000000000000000000000000000000000000000000000000000000000000000000000000000000000000000000000000000000000000000000000000000000000000000000000000000000000000000000000000000000000000000000000
00000000000000000000000000000000000000000000000000000000000000000000000000000000000000000000000000000000000000000000000000000000000000000000000000000000000000000000000000000000000000000000000000000000000000000000000000000000000000000000000000000000000000000000
00000000000000000000000000000000000000000000000000000000000000000000000000000000000000000000000000000000000000000000000000000000000000000000000000000000000000000000000000000000000000000000000000000000000000000000000000000000000000000000000000000000000000000000
00000000000000000000000000000000000000000000000000000000000000000000000000000000000000000000000000000000000000000000000000000000000000000000000000000000000000000000000000000000000000000000000000000000000000000000000000000000000000000000000000000000000000000000
00000000000000000000000000000000000001111111111111111111111111111111111111111111111111111111111111111111111111111111111111111111111111111111111111111111111111111111111111111111111111111111111111111111111111111111111111111111111111111111000000000000000000000000
00000000000000000000000000000000000001111111111111111111111111111111111111111111111111111111111111111111111111111111111111111111111111111111111111111111111111111111111111111111111111111111111111111111111111111111111111111111111111111111000000000000000000000000
00000000000000000000000000000000000001111111111111111111111111111000111111111111111111111111111111111111111111111111111111111111110011111111111111111111111111111111111111111111111111111111111111111111111111111111111111111111111111111111000000000000000000000000
00000000000000000000000000000000000001111111111111111111111111111000111111111111111111111111111100111111001111001111111110011111111111110011111001111100111111110011111100111100111111111110011111111001111110011111111111100111100111110011000000000000000000000000
00000000000000000000000000000000000001111111111111111111111111111000100111111111111111111111111111111111111111111110011111111111111111111111111111111111111001111111111111111111111111001111111111111111111111111110011111111111111111111111000000000000000000000000
00000000000000000000000000000000000001110011111111111110011111111000111111111111111100111111111111111111111111111111111111111111111111111111111111111111111111111111111111111111111111111111111111111111111111111111111111111111111111111111000000000000000000000000
00000000000000000000000000000000000001111111111100111111111111111000111111111111111111111111111111111111111111111111111111111001111111111111111111111111111111111111111111111111111111111111111111111111111111111111111111111111111100111111000000000000000000000000
00000000000000000000000000000000000001111111111111111111111111111000111111001111111111111111111111110011111111111111111111111111111111111111111111111111111111111111100111111111111111111111111100111111111111111111111111111111111111111111000000000000000000000000
00000000000000000000000000000000000001111111111111111111111111111000111111111110011111111111111111111111111111111111111001111111111111001111111111001111111111111111111111111111100111111111111111111111111111111111111111111001111111111111000000000000000000000000
00000000000000000000000000000000000001111111111111111111111001111000111111111111111111111001111001111111110011111001111111111111100111111110011111111111111111111111111111001111111111111001111111111111111110011111001111111111111111111111000000000000000000000000
00000000000000000000000000000000000001111111100111111111111111111000111111111111111111111111111111111111111111111111111111111111111111111111111111111110011100111111111111111111111111111111111111111100111111111111111111111111111111111111000000000000000000000000
00000000000000000000000000000000000001111111111111111111111111111000111111111111111111111111111111111111111111111111111111111111111111111111111111111111111111111100111111111111111111111111111111111111111111111111111111111111111100111111000000000000000000000000
00000000000000000000000000000000000001100111111111111111111111111000111111001111111111111111111111111111111111111111111111111111111111111111111111111111111111111111111111111111111111111111111111111111111111111111111111111111111111111111000000000000000000000000
00000000000000000000000000000000000001111111111111111111111111111000111111111111110011111111111111111111111111111111111111111111111111111111111111111111111111111111111111111111111110011111111111111111111111111111111111111111111111111111000000000000000000000000
00000000000000000000000000000000000001111111111111111111111111111000111111111111111111111111111111111111111111111111111111111111111111111111111111111111111111111111111111111111111111111110011111111111111111111111111111111110011111110011000000000000000000000000
00000000000000000000000000000000000001111111111111111111111111111000100111111111111111111111111110011111111111100111100111111111111001111111110011111001111111111111111111001111001111111111111111001111111111111100111111111111111111111111000000000000000000000000
00000000000000000000000000000000000001111111111100111000000000000000111111111111111111111111111111111111100111111111111111111111111111110011111111111111111001111110011111111111111111111111111111111111111111111111111111111111111111111111000000000000000000000000
00000000000000000000000000000000000001111111111111111000000000000000111111111111111111111111111111111111111111111111111111001111111111111111111111111111111111111111111111111111111111111111111111111111111111111111111111111111111111111111000000000000000000000000
00000000000000000000000000000000000001001111111111111000000000000000111111100111111111111111111111111111111111111111111111111111111111111111111111111111111111111111111111111111111111111111111111111111111111111111111111111111111111111111000000000000000000000000
00000000000000000000000000000000000001111111111111111000000011001000111111111111110011111001111111111111111111111111111111111111111111111111111111111111111111111111111111111111111111111111111111111111111111111111111111111111111111111111000000000000000000000000
00000000000000000000000000000000000001111111111111111000000011001000111111111111111111111111111111111110011111111111001111111110011111111111111111111111111111111111111111111111111111111111111111111111111111111111111111111111111111111111000000000000000000000000
00000000000000000000000000000000000001111111111111111111111111111111111111111111111111111111111111001111111111111111111111111111111111111111111111111111111111111111111111111111111111111111111111111111111111111111111111111111111111111111000000000000000000000000
00000000000000000000000000000000000001111111111111111111111111111111111111111111111111111111111111111111111111111111111111111111111111111111100111111100111111111001111111111111111111111111111111111111111110011111111110011111100111111001000000000000000000000000
00000000000000000000000000000000000001111111100111111111111111111000111111111111111111111111111111111111111111111111111111111111111111111111111111111111111100111111111001111111100111110011111110011111111111111111111111111111111111111111000000000000000000000000
00000000000000000000000000000000000000111111111111111111111111111000111111111111111111111111111111111111110011111111111001111111111111111111111111111111111111111111111111110011111111111111111111111111111111111100111111111111111111111111000000000000000000000000
00000000000000000000000000000000000001111111111111111111111111111000111111111111111111111111111111111111111111100111111111111111111111001111111111111111111111111111111111111111111111111111100111111111111111111111111111111111111111111111000000000000000000000000
00000000000000000000000000000000000001111111111111111100111111111000111111111111111001111111111100111111111111111111111111100111111111111111111111111111111111111111111111111111111111111111111111111111111111111111111111111111111111111111000000000000000000000000
00000000000000000000000000000000000001111111111111111111111111001000111100111111111111111111111111111111111111111111111111111111111111111111111111111100111111111001111111111111111111111111111111111111111111111111111111111001111111001111000000000000000000000000
00000000000000000000000000000000000001111111100111111111111111111000111111111111111111111100111111111111111111111111111111111111111111111111111111111111111111111111111111111111111001111111111111110011111111001111111111111111111111111111000000000000000000000000
00000000000000000000000000000000000001111111111111111111111111111000111111111111111111111111111111111110011111111111111111111111100111111111111111111111111001111111110011111111111111111111111111111111111111111111111001111111111111111111000000000000000000000000
00000000000000000000000000000000000001111111111111111111111111111000111111111100111111111111111111111111111111111111111111111111111111111111100111111111111111111111111111111001111111111111111111111111111111111111111111111111111111111111000000000000000000000000
00000000000000000000000000000000000001100111111111111111111111111000111111111111111111111111111111111111111111111111111111111111111111111111111111111111111111111111111111111111111111100111100111111111111111111111111111111111111111111111000000000000000000000000
00000000000000000000000000000000000001111111111111001111111111111000111001111111111111111111100111111111111111100111100111110011111111111111111111111111111111111111111111111111111111111111111111111111111111111111111111111111111111111111000000000000000000000000
00000000000000000000000000000000000001111111111111111111111111111000111111111111111111111111111111001111111111111111111111111111111100111111111111111111111111111111111111111111111111111111111111111100111111111001111111111100111111111111000000000000000000000000
00000000000000000000000000000000000001111111111111111111110011111000111111111111111111111111111111111111111111111111111111111111111111111111111111111111111111110011111111001111111111111111111111111111111111111111111111111111111111111111000000000000000000000000
00000000000000000000000000000000000001111111111111111111111111111000111111111111111111111001111111111111001111111111111111111111111111111111111111111111111111111111111111111111111111111111111111111111111111111111111111111111111111111111000000000000000000000000
00000000000000000000000000000000000001111111111111111111111111111000111111100111111111111111111111111111111111111111111111111111111111111111111111111110011111111111100111111110011111110011111111111111111111111111111111111111111100111111000000000000000000000000
00000000000000000000000000000000000001111111001111111111111111111000111111111111111111111111111111111111111111100111111100111111111111111110011111111111111111111111111111111111111111111111111100111111111111111111111111111111111111111001000000000000000000000000
00000000000000000000000000000000000001111111111111111111111111111000111111111111111111111111111111111111111111111111111111111111111111111111111111111111111110011111111111111111111111111111111111111111111111111111111111111110011111111111000000000000000000000000
00000000000000000000000000000000000001001111111111100111111111111000111111111110011111111111110011111001111111111111111111111111111111111111111111111111111111111111111111111111111111111111111111111111111111111111111110011111111111111111000000000000000000000000
00000000000000000000000000000000000001111111111111111111111111111000111111111111111111111111111111111111111111111111111111111111111111111111111111111111111111111111111111111111111111111111111111111111111111001100111111111111111111111111000000000000000000000000
00000000000000000000000000000000000001111111111111111111111111111000100111111111111111111111111111111111111111111111111111111110011111111111111111111111111111111111111111111111111001111111111111111111111111111111111111111111110011111111000000000000000000000000
00000000000000000000000000000000000001111111111111111111111001111000111111111111111111111111111111111111111111111111111001111111111111111111111111111111111111111111001111111111111111111111111111111111111111111111111111111111111111111111000000000000000000000000
00000000000000000000000000000000000001111111111111111111111111111000111111001111111111100111111111111111100111001111111111111111111111111111111111111111111111111111111110011110011111110011111111110011111111111111100111100111111111111111000000000000000000000000
00000000000000000000000000000000000001111111100111111111111111111000111111111111111111111111111111001111111111111111111111111111111111111111111111111111111111111111111111111111111111111111111111111111111111111111111111111111111111111111000000000000000000000000
00000000000000000000000000000000000001111111111111111111111111111000111111111111111111111111111111111111111111111111111111111111111111111111111111111111111111111111111111111111111111111111111111111111111111111111111111111111111111111111000000000000000000000000
00000000000000000000000000000000000001111111111111110011111111111000111111111111111111111111111111111111111111111111111111111111111111100111100111111111100111111111111111111111111111111111111111111111111111111111111111111111111100111001000000000000000000000000
00000000000000000000000000000000000001001111111111111111111111111000111111111111111111111111001111111111111111111111111111111111111111111111111111111111111111111111111111111111111111111111111111111111111111001111111111111111111111111111000000000000000000000000
00000000000000000000000000000000000001111111111111111111111111111000111111111111111111111111111111111111111111111111001111111001111111111111111111111111111111111111110011110011111001111111111111111111111111111110011111111111111111111111000000000000000000000000
00000000000000000000000000000000000001111111111111111111111111111000111111111100111111111111111111111110011111111111111111111111111111111111111111111111111111111111111111111111111111111100111111111111111111111111111100111110011111111111000000000000000000000000
00000000000000000000000000000000000001111111111111111111111111111000110011111111111111111111111111111111111111111111111111111111111111111111110011111111111100111111111111111111111111111111111111111110011111111111111111111111111111111111000000000000000000000000
00000000000000000000000000000000000001111110011111111111111110011000111111111111111111111111111111111111111111111111111111111111111111111111111111110011111111111111111111111111111111111111111110011111111111111111111111111111111111111111000000000000000000000000
00000000000000000000000000000000000001111111111111111100111111111000111111111111111111111111111111111111111111111111111111111111111111111111111111111111111111111111111111111111111111111111111111111111111111111001111111111111111111111111000000000000000000000000
00000000000000000000000000000000000001111111111111111111111111111111111111111111111111111111111111111111111111111111111111111111111111111111111111111111111111111111111111111111111111111111111111111111111111111111111111110011111111111111000000000000000000000000
00000000000000000000000000000000000001111111111111111111111111111111111111111111111111111111111111111111111111111111111111111111111111111111111111111111111111111111111111111111111111111111111111111001111111111111111001111111111111111111000000000000000000000000
00000000000000000000000000000000000001001111111111111111111111111000111111111111111111111111111111111111111111111111111111111111111111111111111111111110011111111111111111111111111111111111111111111111111110011111111111111111110011111100000000000000000000000000
00000000000000000000000000000000000001111111111111111111111111111000111111111111111111111111111111111111111111111111111111111111111111001111111001111111111111111001111111111100111111111111111100111111111111111111111111111111111111111111000000000000000000000000
00000000000000000000000000000000000001111111111111111111111111111000111111100111111111111001111111111111111111111111111111111111111111111111111111111111111111111111111111111111111001111100111111111111111111111111111111001111111111111111000000000000000000000000
00000000000000000000000000000000000001111111111111111111111111111000111111111111111111111111111111100111111111111111111111111111111111111111111111111111111111111111111111111111111111111111111111111111111111111110011111111111111111111111000000000000000000000000
00000000000000000000000000000000000001111111111111111111111111111000111111111111111111111111111111111111111111100111110011111100111111111111111111111111111111111111111111111111111111111111111111111111111111111111111111111111111111111111000000000000000000000000
00000000000000000000000000000000000001111111111111111111111100111000111111111111111111111111111111111111111111111111111111111111111111111111111111100111111001111111111111111111111111111111111111111111111111111111111111111110011100111111000000000000000000000000
00000000000000000000000000000000000001111111111111111111111111111000111111111111001111111111111111111111111111111111111111111111111111111111111111111111111111111111111111111111111111111111111111111111111111111111111111111111111111111111000000000000000000000000
00000000000000000000000000000000000000011111111111001111111111111000111111111111111110011111111111111111111111111111111111111111111111111111111111111111111111111111100111111111111111111111111111111110011111111111110011111111111111111111000000000000000000000000
00000000000000000000000000000000000001111111111111111111111111111000111111111111111111111111111111111111111111111111111111111111111111111111111111111111111111111111111111111111111111111111111001111111111111111111111111111111111111111001000000000000000000000000
00000000000000000000000000000000000001111111111111111111111111111000111111111111111111111111111111111111111111111111111111111111111111111111111111111111111111111111111111111111111111111111111111111111111111111111111111111111111111111111000000000000000000000000
00000000000000000000000000000000000001111111111111111111111111111000111111111111111111111111111111111111111111111111111001111111111111111111111111111111111111111111111111111100111111111111111111111111111111111110011111111111100111111111000000000000000000000000
00000000000000000000000000000000000001111111111111111111111111111000111111111111111111111111111111111111111111111111111111111111110011111111111111001111111001111111111111111111111111110011111111111111111111111111111111100111111111111111000000000000000000000000
00000000000000000000000000000000000001111100111111111100111111111000111111110011111111111111111111111001111111111111111111111111111111111111111111111111111111111111111111111111111111111111111111111111111111111111111111111111111111111111000000000000000000000000
00000000000000000000000000000000000001111111111111111111111111111000111111111111111111110011111111111111111100111111111111111111111111111111111111111111111111111111111111111111111111111111111111110011111100111111111111111111111111111111000000000000000000000000
00000000000000000000000000000000000001111111111111111111111111111000111111111111111111111111111111111111111111111111111111111111111111111111111111111111111111111111111111111111111111111111111111111111111111111111111111111111111111111111000000000000000000000000
00000000000000000000000000000000000001111111111111111111111111111000111111111111111111111111111111111111111111111111111111111111111111111111111111111001111111111111111111111111111111111111111111111111111111111111111111111111100011111000000000000000000000000000
00000000000000000000000000000000000001111111111111111111111001111000111111111111111111111111111111111111111111111111111111111111111111111111111111111111111111111001111111111111110011111111001111111111111111111111111111111111100011111000000000000000000000000000
00000000000000000000000000000000000001001111111111111111111111111000111111111111111111111111111111111111111111111111111111111111111111111111110011111111111111111111111111111111111111111111111111111111111111111111111111111000000000111110000000000000000000000000
00000000000000000000000000000000000001111111111111111111111111111000111111111111111111111111111111111111111111111111111111111111111111111111111111111111110011111111111111111111111111111111111111111111111111100111111110011000000000111110000000000000000000000000
00000000000000000000000000000000000001111111111111111111111111111000111111111111111100111111111111111111111111111111111111111111111111111111111111111111111111111111111111111001111111111111111111111001111111111111111111111110000011111111000000000000000000000000
00000000000000000000000000000000000001111111111111100111111111111000111111111111111111111111111111111111100111111100111111001111111001111111111111111111111111111111111111111111111111111111111111111111111111111111111111111110000011111111000000000000000000000000
00000000000000000000000000000000000001111111111111111111111111111000111111110011111111111111111111111111111111111111111111111111111111111111111111111111111111111111111111111111111111111111111111111111111111111100111111111111100000111000000000000000000000000000
00000000000000000000000000000000000001111111111111111111111111111000111111111111111111111111111111111111111111111111111111111111111111111111111111111111111111111111111111111111111111111111111111111111111111111111111111100111100000111000000000000000000000000000
00000000000000000000000000000000000001111100111111111111111111111000111111111111111111111111111111111111111111111111111111111111111111111111111111111100111111111111111001111111111111111111111111111111111111111111111111111111100011111111000000000000000000000000
00000000000000000000000000000000000001111111111111111111111111111000111111111111111111111111111111111111111111111111111111111111111111111111111111111111111111100111111111111111111111111111111111111111111111111111111111111111100011111111000000000000000000000000
00000000000000000000000000000000000001111111111111111111111001111000111111111111111111111111111111111111111111111111111111111111111111111111111111111111111111111111111111111111111111111111111111111111111111111111111111111111100011111001000000000000000000000000
00000000000000000000000000000000000001111111111111111111111111111000111111111111111111111111111111111001111111001111111111111111111111111111111111111111111111111111111111111111111111111001111111111111111100111111111111111111100011111111000000000000000000000000
00000000000000000000000000000000000001111111111111100111111111111000111111111111111111111111111111111111111111111111111111111111111111111111111001111111111111111111111111111111111111111111111110011111111111111111111111111111100011111111000000000000000000000000
00000000000000000000000000000000000001111111111111111111111111111000111111111111100111111001111111111111111111111111111111100111111111001111111111111111111111111100111111100111111111111111111111111111111111111111111111111111100011111111000000000000000000000000
00000000000000000000000000000000000001001111111111111111111111111000111111111111111111111111111111111111111111111111111111111111111111111111111111111111100111111111111111111111111111111111111111111111111111111111100000000000000011111001000000000000000000000000
00000000000000000000000000000000000001111111111111111100111111111000111111111111111111111111111111111111111111111111111111111111111111111111111111111111111111111111111111111111111111111111111111111111111111111111100000000000000011111111000000000000000000000000
00000000000000000000000000000000000001111111111111111111111111111000111111111111111111111111111111111111111111111111111111111111111111111111111111111111111111111111111111111111111111111111111111111111111111110011100000000000000011111111000000000000000000000000
00000000000000000000000000000000000001111111111111111111111111111000111111111111111111111111111111111111111111111111111111111111111111111111111111111111111111111111111111111111111111111111111111111111111111111111100000001100100011111111000000000000000000000000
00000000000000000000000000000000000001111111111111111111111111111000111111111111111111111111111111111111111111111111111111111111111111111111111111111111111111111111111111111111111111001111111111111111111111111111100000001100100011111111000000000000000000000000
00000000000000000000000000000000000001111001111111111111111111111000111111111111111111111111111111111111111111111111111111111111111111111111111111111111111111111111111111111111111111111111111111111111100111111111111111111111111111111111000000000000000000000000
00000000000000000000000000000000000001111111111111111111111001111000111111111111111111111111111111111111111111111111111111111111111111111111111111111111111111111111111111111111111111111111111111111111111111111111111111111111111111111111000000000000000000000000
00000000000000000000000000000000000001111111111111111111111111111000111111111111110011111111111111001111111111111111111110011111111111111111111111111111111111111111111111111111111111111111110011111001111111111111111111111111100011111111000000000000000000000000
00000000000000000000000000000000000001111111111111111111111111111000110011111001111111111111111111111111111111111111111111111111111111111111001111111001111111111111111111111111111111111111111111111111111111111111111111111111100011111111000000000000000000000000
00000000000000000000000000000000000001111111111111111111111111111000111111111111111111111111111111111111111001111100111111111111111111111111111111111111111111111110011111111100111111111111111111111111111111111111001111111111100111111111000000000000000000000000
00000000000000000000000000000000000000011111111111111111111111111000111111111111111111111111111111111111111111111111111111111110011111111111111111111111111111111111111111111111111111111111111111111111111111111111111111111000000000001100000000000000000000000000
00000000000000000000000000000000000001111111111111001111111111111000111111111111111111100111111111111111111111111111111111111111111111111111111111111111111111111111111111111111111111111111111111111111111100111111111111111001111110001111000000000000000000000000
00000000000000000000000000000000000001111111111111111111111111111000111111111111111111111111111111111001111111111111111111111111111111111001111111111111111111111111111111111111111111110011111111111111111111111111111111111001111110001111000000000000000000000000
00000000000000000000000000000000000001111111111111111111111111111000111100111111111111111111111111111111111111111111111111111111111111111111111111111111111111111111111111111111111111111111111111111111111111111111111111111001111110001111000000000000000000000000
00000000000000000000000000000000000001111001111111111100111111111000111111111111111111111111111111111111111111111111111111111111111111111111111111111111111111111111111111111111111111111111111111111111111111110011111001111001111110001111000000000000000000000000
00000000000000000000000000000000000001111111111111111111111111111000111111111100111111111111111111111111111100111110011111001111111111111111111111111111111111111111110011111111111111111111111100111111111111111111111111111000011100001100000000000000000000000000
00000000000000000000000000000000000001111111111111111111111100111000111111111111111111111111111111111111111111111111111111111111111111111111111111100111111110011111111111111100111111111111111111111111111111111111111111111110001000011111000000000000000000000000
00000000000000000000000000000000000001111111111111111111111111111000111111111111111111111111111111111111111111111111111111111111111111111111111111111111111111111111111111111111111110011111111111111111111001111111111111111111000000111111000000000000000000000000
00000000000000000000000000000000000001111111111111111111111111111000111111111111111111111111111111111111111111111111111111111111111111111111001111111111111111111111111111111111111111111111111111111111111111111111111111111111111111111111000000000000000000000000
00000000000000000000000000000000000001111111111111100111111111111000111111111111111001111111111111100111111111111111001111111110011111110011111111111111111111111111111111111111111111111111111111111111111111111111111111111111111111111111000000000000000000000000
00000000000000000000000000000000000000111111111111111111111111111000110011111111111111111100111111111111110011111111111111111111111111111111111111111111111111111111111111111111111111111111111111111111111111111111111001111111111111111111000000000000000000000000
00000000000000000000000000000000000001111111111111111111111111111000111111111111111111111111111111111111111111111111111111111111111111111111111111111111111111001111111111111111111111111111111111100111111111100111111111111111111111111111000000000000000000000000
00000000000000000000000000000000000001111111111111111111111111111111111111111111111111111111111111111111111111111111111111111111111111111111111111111111111111111111100111110011111001111100111111111111111111111111111111110011111111111111000000000000000000000000
00000000000000000000000000000000000001111111111111111111111111111111111111111111111111111111111111111111111111111111111111111111111111111111111111111111111111111111111111111111111111111111111111111111111111111111111111111111111111111001000000000000000000000000
00000000000000000000000000000000000001111111111111111111111111111000111111111111111111111111111111111111111111111111111111111111111111111111111110011111111111111111111111111111111111111111111111111111111111111100111111111111111111111111000000000000000000000000
00000000000000000000000000000000000001111111111111111111111111111000111111111111111111111111111111111111111111111111111111111111111111111111111111111111111111111111111111111111111111111111111111111111111111111111111111111111111111111111000000000000000000000000
00000000000000000000000000000000000001111111111111111111111111111000111111111111111111111111111111111111111111111111111111111111111111111111111111111111111111111111111111111111111111111111111111111111111001111111111001111100111110011111000000000000000000000000
00000000000000000000000000000000000000011110011111111111111111111000111111111111111111111111111111111111111111111100111111111110011111110011111111100111111111111111111111111111111111110011111111001111111111111111111111111111111111111111000000000000000000000000
00000000000000000000000000000000000001111111111111001111111111111000110011111111110011111111111111100111111111111111111111111111111111111111111111111111111110011111111001111110011111111111111111111111111111111111111111111111111111111111000000000000000000000000
00000000000000000000000000000000000001111111111111111111111110011000111111100111111111111100111111111111111111111111111111111111111111111111111111111111111111111111111111111111111111111111111111111111111111111111111111111111111111111111000000000000000000000000
00000000000000000000000000000000000001111111111111111111111111111000111111111111111111111111111111111111111001111111111111111111111111111111111111111111111111111111111111111111111111111111111111111111111111111001111111111111111111111111000000000000000000000000
00000000000000000000000000000000000001111111111111111111111111111000111111111111111111111111111111111111111111111111111111111111111111111111111111111111111111111111111111111111111111111111111111111111111100111111111111111111111111110011000000000000000000000000
00000000000000000000000000000000000001111111111111111110011111111000111111111111111111111111111111111111111111111111111111111111111111111111111111111111111111111111111111111111111111111111111111111111111111111111100111110011111111111111000000000000000000000000
00000000000000000000000000000000000001110011111111111111111111111000110011111111100111111111111111100111111111111111111100111111111111111111111111111111111111111111111111111111111111111111111111111111111111111111111111111111110011111111000000000000000000000000
00000000000000000000000000000000000001111111111111111111111111111000111111111111111111100111111111111111111111111111111111111111111111111111111111111111111111111111111111111111111111111111111111111111111111111111111111111111111111111111000000000000000000000000
00000000000000000000000000000000000001111111111111111111111111111000111111111111111111111111111111111111111111111100111111111111111111111110011111111001111111111001111111001111111001111111111111111111111111001111111111111111111111111111000000000000000000000000
00000000000000000000000000000000000001111111111111111111111100111000111111100111111111111111111111111111111111111111111111111111111110011111111111111111111110011111111111111111111111111111110011111100111111111111111111111111111111111111000000000000000000000000
00000000000000000000000000000000000001111111111111001111111111111000111111111111111111111110011111111111111111111111111111111100111111111111111111111111111111111111111111111111111111111111111111111111111111111111111001111111111111111001000000000000000000000000
00000000000000000000000000000000000001111111111111111111111111111000111111111111111111111111111111111111111111111111111111111111111111111111111111111111111111111111111111111111111111111111111111111111111111111111111111111111111111111111000000000000000000000000
00000000000000000000000000000000000000111111111111111111111111111000111111111111111111111111111111111111111111111111111111111111111111111111111111111111111111111111111111111111111111110011111111111111111111111111111111111110011111111111000000000000000000000000
00000000000000000000000000000000000001111111111111111110011111111000100111111111111001111111111111111111111111111111001111111111111111111111100111111111111111111111111111111111111111111111111110011111001111111001111111111111111110011111000000000000000000000000
00000000000000000000000000000000000001111111111111111111111111111000111111111111111111111111111100111111111111111111111111111111111111111111111111111001111111111111111111111111110011111111111111111111111111111111111111111111111111111111000000000000000000000000
00000000000000000000000000000000000001111001111111111111111111111000111111111111111111111111111111111111111111111111111111111111111111111111111111111111111111111111001111100111111111111111111111111111111111111111111111111111111111111111000000000000000000000000
00000000000000000000000000000000000001111111111111111111111110011000111111100111111111111111111111111111100111111111111111111111111100111111111111111111111100111111111111111111111111111111111111111111111111111111111111001111111111111111000000000000000000000000
00000000000000000000000000000000000001111111111111111111111111111000111111111111111111110011111111111111111111111111111111111111111111111111111111111111111111111111111111111111111111111111111111111001111110011111111111111111111111111111000000000000000000000000
00000000000000000000000000000000000001111111111111111111111111111000111111111111111111111111111111111111111111111110011111110011111111111100111111111111111111111111111111111111111111111111111111111111111111111111111111111111111111111111000000000000000000000000
00000000000000000000000000000000000000011111111111110011111111111000111111111111111111111111111111111111111111111111111111111111111111111111111111111111111111111111111111111100111111100111111111111111111111111111111111111111111111111111000000000000000000000000
00000000000000000000000000000000000001111111111111111111111111111000111111111110011111111111001111100111111111111111111111111111111111111111111111001111111111111111111111111111111111111111111111111111111111111111111111111111111111111111000000000000000000000000
00000000000000000000000000000000000001111100111111111111111111111000111001111111111111111111111111111111111111111111111111111111111111111111111111111111111111111111111001111111111111111111111111111111111111111111111111111111111111111111000000000000000000000000
00000000000000000000000000000000000001111111111111111111100111111000111111111111111111111111111111111111111111111111111111111111111111111111111111111111111111100111111111111111111111111111111111111111111111111111111111111111111111111111000000000000000000000000
00000000000000000000000000000000000001111111111111111111111111111000111111111111111111111111111111111111111111111111100111111111111111111111111111111111111111111111111111111111111111111111111111111111111111111111111111111111111111111111000000000000000000000000
00000000000000000000000000000000000001111111111111111111111111111000111111111111111110011111111111111111100111111111111111111111111111111111111111111111111111111111111111111111001111111111111110011111111111111111111111111111111111100111000000000000000000000000
00000000000000000000000000000000000001111111111111111001111111111000111111111001111111111111111001111111111111111111111111111100111110011111100111111111111111111111111111111111111111111001111111111111111111111100111111111100111111111111000000000000000000000000
00000000000000000000000000000000000001111111111111111111111100111000111111111111111111111111111111111111111111111111111111111111111111111111111111111111111111111111001111111111111111111111111111111111111111111111111111111111111111111111000000000000000000000000
00000000000000000000000000000000000001111111111111111111111111111111111111111111111111111111111111111111111111111111111111111111111111111111111111111111111111111111111111111111111111111111111111111111111100111111111001111111111111111111000000000000000000000000
00000000000000000000000000000000000001110011111111111111111111111111111111111111111111111111111111111111111111111111111111111111111111111111111111111111111111111111111111111111111111111111111111111111111111111111111111111111111111111111000000000000000000000000
00000000000000000000000000000000000001111111111111111111111111111000111111111111111111111111111111111111111111111111111111111111111111111111111111111111111111111111111111111111111111111111111111111111111111111111111111111111111111111111000000000000000000000000
00000000000000000000000000000000000001111111111111111111111111111000111111111111111111111111111111111111111111111111111111111111111111111111111111111111111111111111111111111111111111111111111111111111111111111111111111111111111111111111000000000000000000000000
00000000000000000000000000000000000001111111111111111111111111111000111111111111111111111111111111111111111111111111111111111111111111111111111111111111111111111111111111111111111111111111111110011100111111111111111111111111111111111111000000000000000000000000
00000000000000000000000000000000000001111111111111111111111111111000111111111111111111111111111111111111111111111111111111111111111111111111111111111111111111111111111111111111111111111111111111111111111111111111111111111111111001111111000000000000000000000000
00000000000000000000000000000000000001111111111111001111111111111000111111111111111111111111111110011111111111111111111001111111111111111111111111111111111110011111111111111111111111111111111111111111111111001111111111111111111111111111000000000000000000000000
00000000000000000000000000000000000001111111111111111111111111111000111100111111100111111111111111111111111111111111111111111110011111111100111111111111111111111110011111100111111111111111111111111111111111111111111111111111111111111111000000000000000000000000
00000000000000000000000000000000000000111100111111111111110011111000111111111111111111111100111111111111111111111111111111111111111111111111111111111111111111111111111111111111111111111111111111111111111111111111111111001111111111111111000000000000000000000000
00000000000000000000000000000000000001111111111111111111111111111000111111111111111111111111111111111111111111111111111111111111111111111111111111001111111111111111111111111111111111100111111111111111111111111111111111111111111111111111000000000000000000000000
00000000000000000000000000000000000001111111111111111111111111111000111111111111111111111111111111111111000000000000011111111111111111111111111111111111111111111111111111111111111111111111111111111111111111111111111111111111111111111111000000000000000000000000
00000000000000000000000000000000000001111111111111111111111111111000111111111111111111111111111111111111000000000000011111111111111111111111111111111111111111111111111111111111111111111111111111111111111111111111111111111111111111110011000000000000000000000000
00000000000000000000000000000000000001111111111111110011111111111000111111111111100111111111111001111111000000000000011111111111111111111111100111111111111111111111111111001111111111111111111111111001111001111111111110011111111111111111000000000000000000000000
00000000000000000000000000000000000001111111111111111111111111111000110011111111111111111111111111111111000000011000111111111111111111111111111111111111111111111111111111111111111111111111111111111111111111111111111111111111100111111111000000000000000000000000
00000000000000000000000000000000000001111111111111111111111111111000111111111111111111111001111111111111000000011000111111111111111001111111111111111111111111111111111111111111111111111111111111111111111111111110011111111111111111111111000000000000000000000000
00000000000000000000000000000000000001111100111111111111111111111000111111111111111111111111111111111111111111111111111111111111111111111111111111111111111111111111111111111111111111111111111111111111111111111111111111111111111111111111000000000000000000000000
00000000000000000000000000000000000001111111111111111111111111111000111111111111111111111111111111111111111111111111111111111111111111111111111111111111111111111111111001111111111111111111111111111111111111111111111111111111111111100111000000000000000000000000
00000000000000000000000000000000000001111111111111111111110011111000111111001111111111111111111111111111111111111111111111110011111111111111111111111111111111111111111111111111001111111111111111111111111111111111111111111111111111111111000000000000000000000000
00000000000000000000000000000000000001111111111111111111111111111000111111111111111111111111111111111111111111111111111111111111111111111111111111111111111111100111111111111111111111111111111111111111111111111111111111111111111111111111000000000000000000000000
00000000000000000000000000000000000001111111111111100111111111111000111111111111110011111111111111111111111111111111111111111111111111111111111111111111111111111111111111111111111111111111111111001111111111111111111111111111111111111111000000000000000000000000
00000000000000000000000000000000000001111111111111111111111111111000111001111111111111111111111111111111111111111111111111111111111111111100111111001111111111111111111111111111111111110011111111111111111001111111111111111110011111111111000000000000000000000000
00000000000000000000000000000000000000011111111111111111111111111000111111111111111111111111111111111111111111111001111111111111111111111111111111111111111111111111111111111111111111111111111111111111111111111111111111111111111111111111000000000000000000000000
00000000000000000000000000000000000001111111111111111111111111111000111111111111111111111111111111111111001111111111111111111111111111111111111111111111111111111111111111111111111111111111111111111111111111111111100111111111111111111111000000000000000000000000
00000000000000000000000000000000000001111111111111111111111111111000111111111111111111111111111111111111111100111111111111111111111111111111111111111111111111111111100111111111111111111111111111111111111111111111111111111111111111111001000000000000000000000000
00000000000000000000000000000000000001111111111111111111111111111000111111111111111111111111111110011111111111111111111111111111111111111111111111111111111111111111111111111110011111111111111111111111111111111111111111111111111111111111000000000000000000000000
00000000000000000000000000000000000001111110011111111110011111111000111111100111111111111111111111111111111111111111111111111111110011111111111111100111111111111111111111111111111111111111111111111111111111111111111111111111111111111111000000000000000000000000
00000000000000000000000000000000000001111111111111111111111111111000111111111111111111111111001111111111111111111111111111111111111111111111111111111111111111111111111111111111111111111111111111111001111110011111111111110011111111111111000000000000000000000000
00000000000000000000000000000000000001111111111111111111111111111000111111111111111111111111111111111111111111110011111111100111111111111110011111111111111111111111111111111111111111111111111111111111111111111111111111111111111110011111000000000000000000000000
00000000000000000000000000000000000001111111111111111111111111111000111111111111111111111111111111111111110011111111111111111111111111111111111111111111111111110011111111111111111111111111111111111111111111111111111111111111111111111111000000000000000000000000
00000000000000000000000000000000000001111111111111111111111100000000000011111111111111111111111111111111111111111111110011111111111111111111111111111111111111111111111111111110011111111111111111111111111111111111111111111111111111111111000000000000000000000000
00000000000000000000000000000000000001111111111111111111111100111110110011111111111111111111111111111111111111111111111111111111111111111111111111111111111111111111111111111111111111111111111111111111111111111111111111111111111111111111000000000000000000000000
00000000000000000000000000000000000001001111111111100111111100111110110011111111111111111111001111111111111111111111111111111111111111111111111111111111111111111111111111111111111111111111111111111111111111111111111111111111111111111111000000000000000000000000
00000000000000000000000000000000000001111100111111111111111100111110100011111111111111111111111110011111111111111111111111111111111111111111111111111111111111111111100111111111111111110011111111111111111111111111111111111111111111111111000000000000000000000000
00000000000000000000000000000000000001111111111111111111111100111110100011111111111111001111111111111111111111111111111111111111111111111111111111111111111110011111111111111111111111111111111111111111111111111111111111111111111111111111000000000000000000000000
00000000000000000000000000000000000001111111111111111111111100111110100011111111111111111111111111111111111111111111111111111111111111111111111111111111111111111111111110011111111111111111111110011111111111110011111110011111111111111110000000000000000000000000
00000000000000000000000000000000000001111111111111111111111100111110100011111111111111111110011111111111111111111111111001111111111111111111111111111111111111111111111111111111111111111111111111111111111111111111111111111111111111111100000000000000000000000000
00000000000000000000000000000000000001111111111111111111111100000000000011111111111111111111111111111111111111111111111111111111111111111111111111111111111111111111111111111111100111111111111111111111111111111111111111111111111111110001000000000000000000000000
00000000000000000000000000000000000001111111111111110011111111111111111111111111001111111111111111111111111111111111111111111111111001111111111111111111111111111111111111111111111111111111111111111111111111111111111111111111111111000111000000000000000000000000
00000000000000000000000000000000000001111111111111111111111111111111111111111111111111100111111111110011111111001110011111111111111111111100111111111111111111111111111111111111111111111111111111111111110011111111111111111111111100011111000000000000000000000000
00000000000000000000000000000000000001111001111111111111111111111111111111111111111111111111111111111111111111111111111111100111111111111111111110011111111110011111111111111111111111111100111111111111111111111111111111111111111001111111000000000000000000000000
00000000000000000000000000000000000001111111111111111111111111111111111111111111111111111111111111111111111111111111111111111111111111111111111111111111111111111111111111111111111111111111111111111111111111111111111111110000000011111111000000000000000000000000
00000000000000000000000000000000000001111111111111111110011111111111111111111111111111111111111111111111111111111111111111111111111111111111111111111111111111111111111111111111111111111111111111111001111111111111111111110111111111111111000000000000000000000000
00000000000000000000000000000000000001111111111111111111111111111111111111111111111111111111111111111111111111111111111111111111111111111111111111111111111111111111001111111111111001111111111111111111111111111111111111000111111111111111000000000000000000000000
00000000000000000000000000000000000000011111111111111111111110011111111111111111111111111111111111111111111111111111111111111111111111111111111111111111111111111111111111110011111111111111100111111111111111111111111100011111111111111111000000000000000000000000
00000000000000000000000000000000000001111111111111111111111111111111111110011111111111111111111111111111111111111111111111111111111111100111111111111111111111111111111111111111111111111111111111111111111111111111000101111111111111111111000000000000000000000000
00000000000000000000000000000000000001111111111110011111111111111111111111111111111111111111111111111111111111111111111111111111111111111111111111111111111111111111111111111111111111111111111111111111111111111110000101111111111111111111000000000000000000000000
00000000000000000000000000000000000001111111111111111111111111111111111111111110011111111001111111110011111111111001111111111111111111111111111111111111111111111111111111111111111111111111111111111111111111111100100101111111111111111111000000000000000000000000
00000000000000000000000000000000000001111111111111111111111111111110011111111111111111111111111111111111100111111111111001111111100111111111111111111111111111111111111111111111111111001111111111111111111100000001100101111111111111111111000000000000000000000000
00000000000000000000000000000000000001111111111111111111001111111111111111111111111111111111111111111111111111111111111111111111111111111111111111100111111111111111111111111111111111111111111111111111111001111111100101111111111111111111000000000000000000000000
00000000000000000000000000000000000000011100111111111111111111111111111111111111111111111111111111111111111111111111111111111111111111111111111111111111111111111111111111111111111111111111111111111111110011111111100101111111111111111111000000000000000000000000
00000000000000000000000000000000000001111111111111111111111111001111111111111111111111111111111111111111111111111111111111111111111111111111111111111111111111111111111111111111111111111111111111110000000111111111100101111111111111111111000000000000000000000000
00000000000000000000000000000000000001111111111111111111111111111111111111111111111100111111100111111111111111001111111111111111111111111111111111111111111111100111111111111111111111111111111111100110000000000000000100000000000000000001000000000000000000000000
00000000000000000000000000000000000001111111111111111111111111111111111111111111111111111111111111111100111111111111111111111110011111111110011111111111111111111111111110011111111111111111111100001110011111111111111111111111111111111101000000000000000000000000
00000000000000000000000000000000000001111111111111110011111111111110011111111111111111111111111111111111111111111110011111111111111111111111111111111111111111111111111111111111111111111111000000111110011111111111111111111111111111111101000000000000000000000000
00000000000000000000000000000000000001111111111111111111111111111111111111111001111111111111111111111111111111111111111111111111111111111111111111111111111111111111111111111111111111111110011111111110000000000000000100000000000100000001000000000000000000000000
00000000000000000000000000000000000001111111111111111111111001111111111111111111111111111111111111111111111111111111111111111111111111111111111111111111111111111111111111111111111111111100111111111111111111111111100101111111100101111111000000000000000000000000
00000000000000000000000000000000000001111111111111111111111111111111111111111111111111111111111111001111111111111111111111111111111111111111111111111111111111111111111111111111111100000001111111111111111111111111100100111111100001111111000000000000000000000000
00000000000000000000000000000000000000011111111111111111111111111111111111111111111111111111111111111111111111111111111111111111111111111111111111111111111111111111111111111111111101111111111111111111111111111111100101111111111111111111000000000000000000000000
00000000000000000000000000000000000001111110011111111111111111111111111111111111111111111100111111111111111100111111111111111111100111111111111111001111111111111111111111111111111001111111111111111111111111111111100101111111111111111111000000000000000000000000
00000000000000000000000000000000000001111111111111111111111111111001111111111111111111111111111111111111111111111100111110011111111111111111111111111111111110011111111001111111110001111111111111111111111111111111100001111111111111111111000000000000000000000000
00000000000000000000000000000000000001111111111111111001111111111111111111100111111111111111111111111111111111111111111111111111111111111111001111111111111111111111111111111111100011111111111111111111111111111111111111111111111111111111000000000000000000000000
00000000000000000000000000000000000001111111111111111111111111111111111111111111111110011111111111111001111111111111111111111111111111111111111111111111111111111111111111111111001111111111111111111111111111111111111111111111111111111111000000000000000000000000
00000000000000000000000000000000000000000000000000000000000000000000000000000000000000000000000000000000000000000000000000000000000000000000000000000000000000000000000000000000000000000000000000000000000000000000000000000000000000000000000000000000000000000000
00000000000000000000000000000000000000000000000000000000000000000000000000000000000000000000000000000000000000000000000000000000000000000000000000000000000000000000000000000000000000000000000000000000000000000000000000000000000000000000000000000000000000000000
00000000000000000000000000000000000000000000000000000000000000000000000000000000000000000000000000000000000000000000000000000000000000000000000000000000000000000000000000000000000000000000000000000000000000000000000000000000000000000000000000000000000000000000
00000000000000000000000000000000000000000000000000000000000000000000000000000000000000000000000000000000000000000000000000000000000000000000000000000000000000000000000000000000000000000000000000000000000000000000000000000000000000000000000000000000000000000000
00000000000000000000000000000000000000000000000000000000000000000000000000000000000000000000000000000000000000000000000000000000000000000000000000000000000000000000000000000000000000000000000000000000000000000000000000000000000000000000000000000000000000000000
00000000000000000000000000000000000000000000000000000000000000000000000000000000000000000000000000000000000000000000000000000000000000000000000000000000000000000000000000000000000000000000000000000000000000000000000000000000000000000000000000000000000000000000
00000000000000000000000000000000000000000000000000000000000000000000000000000000000000000000000000000000000000000000000000000000000000000000000000000000000000000000000000000000000000000000000000000000000000000000000000000000000000000000000000000000000000000000
00000000000000000000000000000000000000000000000000000000000000000000000000000000000000000000000000000000000000000000000000000000000000000000000000000000000000000000000000000000000000000000000000000000000000000000000000000000000000000000000000000000000000000000
00000000000000000000000000000000000000000000000000000000000000000000000000000000000000000000000000000000000000000000000000000000000000000000000000000000000000000000000000000000000000000000000000000000000000000000000000000000000000000000000000000000000000000000
00000000000000000000000000000000000000000000000000000000000000000000000000000000000000000000000000000000000000000000000000000000000000000000000000000000000000000000000000000000000000000000000000000000000000000000000000000000000000000000000000000000000000000000
00000000000000000000000000000000000000000000000000000000000000000000000000000000000000000000000000000000000000000000000000000000000000000000000000000000000000000000000000000000000000000000000000000000000000000000000000000000000000000000000000000000000000000000
00000000000000000000000000000000000000000000000000000000000000000000000000000000000000000000000000000000000000000000000000000000000000000000000000000000000000000000000000000000000000000000000000000000000000000000000000000000000000000000000000000000000000000000
00000000000000000000000000000000000000000000000000000000000000000000000000000000000000000000000000000000000000000000000000000000000000000000000000000000000000000000000000000000000000000000000000000000000000000000000000000000000000000000000000000000000000000000
00000000000000000000000000000000000000000000000000000000000000000000000000000000000000000000000000000000000000000000000000000000000000000000000000000000000000000000000000000000000000000000000000000000000000000000000000000000000000000000000000000000000000000000
00000000000000000000000000000000000000000000000000000000000000000000000000000000000000000000000000000000000000000000000000000000000000000000000000000000000000000000000000000000000000000000000000000000000000000000000000000000000000000000000000000000000000000000
00000000000000000000000000000000000000000000000000000000000000000000000000000000000000000000000000000000000000000000000000000000000000000000000000000000000000000000000000000000000000000000000000000000000000000000000000000000000000000000000000000000000000000000
00000000000000000000000000000000000000000000000000000000000000000000000000000000000000000000000000000000000000000000000000000000000000000000000000000000000000000000000000000000000000000000000000000000000000000000000000000000000000000000000000000000000000000000
00000000000000000000000000000000000000000000000000000000000000000000000000000000000000000000000000000000000000000000000000000000000000000000000000000000000000000000000000000000000000000000000000000000000000000000000000000000000000000000000000000000000000000000
00000000000000000000000000000000000000000000000000000000000000000000000000000000000000000000000000000000000000000000000000000000000000000000000000000000000000000000000000000000000000000000000000000000000000000000000000000000000000000000000000000000000000000000
00000000000000000000000000000000000000000000000000000000000000000000000000000000000000000000000000000000000000000000000000000000000000000000000000000000000000000000000000000000000000000000000000000000000000000000000000000000000000000000000000000000000000000000
00000000000000000000000000000000000000000000000000000000000000000000000000000000000000000000000000000000000000000000000000000000000000000000000000000000000000000000000000000000000000000000000000000000000000000000000000000000000000000000000000000000000000000000
00000000000000000000000000000000000000000000000000000000000000000000000000000000000000000000000000000000000000000000000000000000000000000000000000000000000000000000000000000000000000000000000000000000000000000000000000000000000000000000000000000000000000000000
00000000000000000000000000000000000000000000000000000000000000000000000000000000000000000000000000000000000000000000000000000000000000000000000000000000000000000000000000000000000000000000000000000000000000000000000000000000000000000000000000000000000000000000
00000000000000000000000000000000000000000000000000000000000000000000000000000000000000000000000000000000000000000000000000000000000000000000000000000000000000000000000000000000000000000000000000000000000000000000000000000000000000000000000000000000000000000000
00000000000000000000000000000000000000000000000000000000000000000000000000000000000000000000000000000000000000000000000000000000000000000000000000000000000000000000000000000000000000000000000000000000000000000000000000000000000000000000000000000000000000000000
00000000000000000000000000000000000000000000000000000000000000000000000000000000000000000000000000000000000000000000000000000000000000000000000000000000000000000000000000000000000000000000000000000000000000000000000000000000000000000000000000000000000000000000
00000000000000000000000000000000000000000000000000000000000000000000000000000000000000000000000000000000000000000000000000000000000000000000000000000000000000000000000000000000000000000000000000000000000000000000000000000000000000000000000000000000000000000000
00000000000000000000000000000000000000000000000000000000000000000000000000000000000000000000000000000000000000000000000000000000000000000000000000000000000000000000000000000000000000000000000000000000000000000000000000000000000000000000000000000000000000000000
00000000000000000000000000000000000000000000000000000000000000000000000000000000000000000000000000000000000000000000000000000000000000000000000000000000000000000000000000000000000000000000000000000000000000000000000000000000000000000000000000000000000000000000
00000000000000000000000000000000000000000000000000000000000000000000000000000000000000000000000000000000000000000000000000000000000000000000000000000000000000000000000000000000000000000000000000000000000000000000000000000000000000000000000000000000000000000000
00000000000000000000000000000000000000000000000000000000000000000000000000000000000000000000000000000000000000000000000000000000000000000000000000000000000000000000000000000000000000000000000000000000000000000000000000000000000000000000000000000000000000000000
00000000000000000000000000000000000000000000000000000000000000000000000000000000000000000000000000000000000000000000000000000000000000000000000000000000000000000000000000000000000000000000000000000000000000000000000000000000000000000000000000000000000000000000
00000000000000000000000000000000000000000000000000000000000000000000000000000000000000000000000000000000000000000000000000000000000000000000000000000000000000000000000000000000000000000000000000000000000000000000000000000000000000000000000000000000000000000000
00000000000000000000000000000000000000000000000000000000000000000000000000000000000000000000000000000000000000000000000000000000000000000000000000000000000000000000000000000000000000000000000000000000000000000000000000000000000000000000000000000000000000000000
00000000000000000000000000000000000000000000000000000000000000000000000000000000000000000000000000000000000000000000000000000000000000000000000000000000000000000000000000000000000000000000000000000000000000000000000000000000000000000000000000000000000000000000
00000000000000000000000000000000000000000000000000000000000000000000000000000000000000000000000000000000000000000000000000000000000000000000000000000000000000000000000000000000000000000000000000000000000000000000000000000000000000000000000000000000000000000000
